2.T.1	2.T.2	3.T.1	3.T.2	4.T.1	4.T.2	8.T.1	8.T.2	10.T.2	10.T.3	11.T.1	11.T.2	13.T.1	13.T.2	15.T.1	15.T.2	18.T.1	18.T.2	19.T.1	19.T.2	20.T.1	20.T.2	22.T.1	22.T.2	24.T.1	24.T.2	26.T.1	26.T.2	27.T.1	27.T.2	29.T.1	29.T.2	30.T.1	30.T.2	32.T.1	32.T.2	34.T.3	34.T.4	37.T.1	37.T.2	38.T.3	38.T.4	39.T.1	39.T.2	41.T.1	41.T.2	44.T.1	44.T.2	47.T.1	47.T.2	48.T.1	48.T.2	49.T.1	49.T.2	54.T.1	54.T.2	55.T.1	55.T.2	57.T.1	57.T.2	60.T.1	60.T.2	63.T.1	63.T.2	67.T.1	67.T.2	74.T.1	74.T.2
L1_Dry_Beans_Peas_Other_Legumes_Nuts_and_Seeds;L2_Legumes	0	0	0	0	0	0	31.9662	0	0	0	0	0	0	0	0	0	0	0	0	0	0	0	0	0	0	0	0	0	0	0	0	5.20294	19.5195	0	0	0	0	0	1.300735	0	0	0	0	35.56	0	0	76.0032	76.0032	0	0	44.125	44.125	0	0	0	0	25.676	0	0	0	0	0	0	0	44.125	69.801	18.34	0
L1_Dry_Beans_Peas_Other_Legumes_Nuts_and_Seeds;L2_Nuts_nut_butters_and_nut_mixtures	0	0	0	0	0	0	0	0	14.636642	0	65.448865	31.0149	0	31.4208	35.97075	0	31.4208	0	0	69.90195	0	94.5234	0	0	0	0	0	0	25.4244	41.1348	0	0	0	30.037775	0	58.640955	5.9697	0	0	0	0	0	0	0	31.4208	0	0	0	50.475937	31.7395	5.236276	0	0	64.1858	0	0	0	29.658553	0	0	0	47.1312	78.552	84.57875	0	0	0	23.8788
L1_Dry_Beans_Peas_Other_Legumes_Nuts_and_Seeds;L2_Seeds_and_seed_mixtures	0	0	0	0	0	0	0	0	0	0	0	0	0	0	0	0	0	0	0	0	101.154025	0	0	0	0	0	8.5743	33.23025	0	0	0	0	0	0	0	0	0	0	0	0	0	0	0	0	0	0	0	8.5743	0	0	0	0	0	0	0	0	0	0	0	0	0	0	0	19.5384	0	0	0	0
L1_Eggs;L2_Egg_mixtures	0	30.413	44.0091	0	0	0	0	0	0	0	0	47.0232	28.0488	0	12.6132	63.6174	62.374	0	0	0	64.773	0	0	0	0	0	0	92.9016	67.0527	60.0192	14.0244	64.773	0	0	34.31982	0	0	45.83816	0	0	0	0	0	0	0	0	0	0	0	0	0	0	0	0	0	0	0	0	0	0	0	0	0	0	66.99752	29.65464	0	0
L1_Eggs;L2_Egg_substitutes	0	0	0	0	0	29.7591	0	0	0	0	0	0	0	0	0	0	0	0	0	0	0	0	0	0	0	0	0	0	0	0	0	0	0	0	0	0	0	0	0	0	0	0	0	0	0	0	0	0	0	0	0	0	0	0	0	0	0	0	0	0	0	0	0	0	0	0	0	0
L1_Eggs;L2_Eggs	0	0	0	0	0	0	0	0	0	0	0	0	0	0	0	0	0	29.2606	0	0	0	0	0	0	0	0	0	0	0	0	0	0	0	29.18685	0	29.2192	0	0	0	0	0	0	0	0	0	0	0	0	12.84	6.8275	0	0	0	0	0	0	4.2174	8.4348	0	0	14.6096	14.6096	24.464	29.7888	0	0	0	0
L1_Fats_Oils_and_Salad_Dressings;L2_Fats	0	0	7.90822	0	0	0	1.487974	8.413	0	0	23.750075	0	7.2268	0	3.98295	0	0	12.6195	0	23.89292	0	0	0	4.2065	0	0	15.92702	0	0	0	0	0	0	0	10.51625	0	0	0	0	0.584766	1.991475	3.981755	0	2.740326	0	0	0	13.06116	0	0	0	0	4.2065	0	0	0	0	0	0	0	4.2065	0	0	0	3.981755	0	5.97323	0
L1_Fats_Oils_and_Salad_Dressings;L2_Oils	0	0	0	0	0	0	0	0	0	0	4.53288	0	0	0	0	0	0	0	0	0	0	0	0	0	0	0	0	0	0	0	0	0	0	0	0	0	0	0	0	0	0	0	0	0	0	0	0	0	0	0	0	0	0	0	0	0	0	0	0	0	0	0	13.5	0	0	0	0	0
L1_Fats_Oils_and_Salad_Dressings;L2_Salad_dressings	0	0	8.96847	0	0	0	0	20.69019	3.9	0	0	39.58656	0	0	0	11.72172	0	0	0	2.298	0	0	0	0	0	5.86086	5.979279	0	4.273014	0	0	0	0	0	0	0	0	11.72172	0	0	0	19.053	0	6.6265	0	0	19.536591	5.563238	0	5.86086	0	0	3.218978	0	6.438922	3.218978	0	11.72172	8.89356	8.96847	0	0	0	0	0	0	0	19.2276
L1_Fruits;L2_Citrus_fruits_juices	0	23.7708	0	0	0	0	0	0	0	17.3575	0	0	0	0	0	0	0	0	0	0	0	0	0	0	16.881545	9.53899200000001	0	0.9392	17.3575	0	0	63.59328	0	0	0	1.41834	0	5.6547	15.89832	0	0	22.5416	0	0	0	0	0	0	0	0	0	0	23.84748	49.15414	21.762	0	13.0504	22.5416	0	0	0	0	0	0	0	0	0	0
L1_Fruits;L2_Dried_fruits	0	0	0	0	0	0	0	0	0	0	23.1	23.1	0	0	0	0	0	0	0	0	0	0	0	0	0	0	5.775	0	0	0	0	0	0	0	0	0	0	0	4.003924	0	0	0	0	0	0	0	0	0	0	51.678	0	0	0	0	0	0	0	0	0	0	0	0	0	0	0	0	0	0
L1_Fruits;L2_Fruit_juices_and_nectars_excluding_citrus	0	0	0	0	0	0	0	0	0	0	0	0	0	0	0	0	0	0	0	0	32.53536	0	0	0	0	0	0	0	0	0	39.625	0	0	0	0	0	0	0	0	0	0	0	0	0	0	0	43.7472	102.0768	0	0	0	0	0	0	0	0	0	0	0	0	0	0	0	0	0	0	0.619494999999999	0
L1_Fruits;L2_Other_fruits	0	0	35.4442	118.4248	45.951	0	0	0	26.2808	26.2808	88.8186	29.6062	0	0	0	26.2808	0	0	0	0	7.696375	0	0	0	26.502535	12.15515	32.33385	26.90385	56.51005	71.34325	0	0	0	0	14.469	16.695	0	0	0	35.826675	7.3644	0	32.2012	26.2808	14.3716	14.3716	0	0	13.5486	25.3409	26.2808	55.887	0	0	0	0	0	25.3409	7.051312	15.546925	0	9.51815	34.054262	39.732725	53.4484	0	7.68300000000001	8.3475
L1_Grain_Product;L2_Cakes_cookies_pies_pastries_bars	0	0	0	66.592	0	0	41.1628	0	0	13.047	29.9664	29.9664	0	0	83.2896	59.172827	0	0	0	0	12.415	0	0	0	0	16.0908	53.312	82.8818	0	0	261.146	18.98	0	29.3056	32.0382	32.0382	0	0	0	122.389137	0	11.782496	2.6733	0	0	26.18025	0	0	66.43	26.852	0	0	0	26.3592	0	0	0	0	0	0	20.7108	44.8308	0	0	0	102.1016	0	0
L1_Grain_Product;L2_Cereals_not_cooked_or_NS_as_to_cooked	14.55	7.275	0	0	0	0	0	0	39.08	39.08	0	42.04275	0	0	0	0	0	0	62.275	48.29	0	0	38.632	0	0	0	23.6425	0	0	0	0	0	0	0	0	0	0	0	0	43.958	69.403775	0	0	0	26.78775	0	0	0	29.31	31.2825	0	0	0	0	28.872	28.872	0	72.2196	0	18.093	0	0	0	18.0549	0	0	0	0
L1_Grain_Product;L2_Crackers_and_salty_snacks_from_grain	12.35712	0	5.8092	60.078	81.648	275.268	0	135.1832	29.9306	40.614	0	0	0	0	43.8548	0	11.5164	0	11.5164	27.2664	0	0	0	0	0	0	43.1688	31.3344	0	21.736	0	0	0	15.6672	0	27.4596	14.688	0	0	0	14.535	57.936	0	48.65	0	0	0	0	59.5502	47.0016	87.126	64.152	0	10.796625	0	0	0	11.52	0	31.3344	65.7315	14.688	31.584	0	66.92	0	0	42.5152
L1_Grain_Product;L2_Grain_mixtures_frozen_plate_meals_soups	65.038	62.748975	0	0	279.910575	0	0	0	33.35136	0	0	0	0	0	0	0	0	202.2935	0	53.6014	35.0688	0	81.6912	0	43.55355	0	0	0	0	0	173.927275	112.629975	15.157125	0	0	0	0	0	79.8096	40.74	0	0	422.1045	0	23.7297	0	0	77.0488	81.6912	0	0	0	0	114.266	98.7552	154.13855	79.5832	0	46.26335	135.408	0	34.3926	0	0	0	0	0	0
L1_Grain_Product;L2_Pancakes_waffles_French_toast_other	0	0	0	0	0	0	0	0	0	0	0	0	0	0	0	0	53.7576	0	0	0	0	0	0	85.437	0	0	0	0	0	0	20.712	0	0	0	0	16.708	0	0	0	0	0	0	0	0	0	0	0	0	0	0	0	0	0	0	0	0	0	0	0	0	0	0	0	0	0	0	21.7476	29.5944
L1_Grain_Product;L2_Pastas_cooked_cereals_rice	0	0	0	0	0	0	0	0	0	0	76.314	0	0	0	0	0	0	0	0	0	0	145.47125	0	0	5.81875	41.194582	0	0	31.17825	0	0	0	0	12.719	0	0	0	0	73.829625	31.7975	0	0	0	0	0	0	0	0	0	0	37.653	37.653	0	0	0	0	0	0	57.57336	0	0	0	0	40.174875	37.653	17.3277	0	0
L1_Grain_Product;L2_Quick_breads	0	0	0	0	0	0	0	0	0	0	0	0	0	0	37.383	0	0	0	0	0	20.934	0	0	0	0	0	0	0	25.9728	0	0	0	15.7773	0	116.1006	0	82.488	0	15.7773	0	0	49.7574	0	0	0	0	0	0	35.5878	0	0	0	116.1006	0	0	0	23.324	0	0	0	0	0	0	0	0	0	0	0
L1_Grain_Product;L2_Yeast	0	8.352	99.2884	0	28.079	59	9.142	31.65	0	56.158	0	0	480.06	94.1612	26.64	17.64	0	33.408	28.3096	38.136	0	33.4152	0	0	0	14.0395	0	0	0	0	0	33.0512	10.9917	85.08645	77.125991	32.7912	30.0846	81.144	15.7716	0	0	3.64392	44.0946	33.4152	25.424	0	33.0512	0	18.284	35.40075	0	0	0	0	20.71328	36.66033	0	45.2766	31.35	0	41.792	132.612	0	0	49.5222	33.0148	16.5074	41.7366
L1_Meat_Poultry_Fish_and_Mixtures;L2_Beef	0	0	0	0	0	0	0	0	0	0	0	0	0	0	0	0	0	0	0	0	0	0	0	0	0	0	72.4626	0	120.771	0	0	0	0	0	0	0	0	0	0	0	0	62.47773	0	0	0	0	0	0	27.65655	0	0	0	0	0	0	0	0	27.4317	34.1785	0	0	0	0	0	0	0	0	0
L1_Meat_Poultry_Fish_and_Mixtures;L2_Fish_and_shellfish	0	0	0	0	0	0	0	0	0	0	68.593392	0	0	0	0	0	0	0	44.8425	0	0	0	0	0	0	0	0	0	0	85.74174	0	0	0	0	0	0	0	0	0	9.46805	0	0	0	0	0	0	0	0	0	0	0	0	0	0	48.73932	0	0	0	0	0	0	0	0	38.062708	136.570182	85.323378	0	0
L1_Meat_Poultry_Fish_and_Mixtures;L2_Frozen_and_shelfstable_plate_meals_soups_and_gravies	19.056	0	0	0	0	0	0	0	0	0	0	0	0	0	0	0	0	0	0	0	0	0	0	0	0	0	0	0	0	0	0	0	0	0	0	0	0	0	0	7.4469	0	0	0	0	0	0	0	0	0	0	0	0	0	0	0	0	0	0	0	0	5.469675	0	0	0	0	0	0	0
L1_Meat_Poultry_Fish_and_Mixtures;L2_Lamb_veal_game_other	0	0	0	0	0	0	0	0	0	0	0	0	0	0	0	0	0	0	0	0	0	0	0	0	0	0	0	0	0	0	0	0	0	0	0	0	0	0	0	0	0	0	0	0	0	0	0	0	0	0	0	0	0	0	0	0	0	0	0	0	0	0	0	0	0	0	0	0
L1_Meat_Poultry_Fish_and_Mixtures;L2_Meat	0	0	0	0	0	0	0	0	0	0	0	0	0	0	0	0	0	0	0	0	0	0	0	0	0	0	0	0	0	0	0	0	0	0	0	0	0	0	0	0	0	0	26.6172	0	0	0	0	0	0	0	0	0	0	0	0	0	0	0	0	0	0	0	0	0	0	0	0	0
L1_Meat_Poultry_Fish_and_Mixtures;L2_Meatpoultry_fish_with_nonmeat	0	0	0	0	0	96.8366	0	0	0	17.689225	0	0	70.7569	0	56.1744	0	0	0	0	15.015	0	0	0	0	85.5365	61.5195	105.576	24.20915	0	0	48.72	0	64.4343	0	0	0	49.8348	0	0	17.072475	0	0	0	28.22092	0	113.050125	0	52.96914	0	0	0	0	52.0192	0	0	0	0	0	0	33.768	0	124.1856	0	0	0	0	0	0
L1_Meat_Poultry_Fish_and_Mixtures;L2_Organ_meats_sausages_and_lunchmeats	0	0	133.58906	0	28.4943	14.616	0	70.6656	0	0	0	17.299975	0	0	14.9715	32.3401	0	0	0	0	0	15.4112	0	41.2675	0	3.8458	0	0	0	0	0	10.3428	0	0	0	0	0	19.229	0	0	43.8821	0	0	0	0	0	15.4112	0	0	0	0	0	0	0	0	0	61.001775	22.053465	0	0	7.3125	14.9715	0	0	0	0	63.63208	13.0572
L1_Meat_Poultry_Fish_and_Mixtures;L2_Pork	0	0	21.0432	47.69	0	0	0	0	0	0	0	0	0	0	0	0	0	0	0	0	0	0	0	0	0	0	0	0	0	0	0	0	0	0	68.03084	14.0288	0	12.493845	0	0	0	0	0	0	0	0	0	0	0	4.384	0	0	0	0	0	0	0	8.768	0	0	0	0	0	0	0	0	0	0
L1_Meat_Poultry_Fish_and_Mixtures;L2_Poultry	0	0	50.7775	0	0	0	38.1612	0	19.845	0	0	0	0	0	0	0	0	0	0	0	127.224	54.5198	0	68.8905	0	0	0	0	50.8275	0	0	0	0	23.814	0	0	23.88825	0	0	0	41.0248	0	0	30.3408	0	0	34.5744	0	0	0	0	42.5898	0	0	0	0	0	34.5744	0	0	0	0	30.3408	0	0	0	14.828	0
L1_Milk_and_Milk_Products;L2_Cheeses	30.35718	0	36.96338	25.5864	0	13.496	0	15.17859	0	0	0	24.010025	27.888	30.2501	16.150995	17.931375	0	0	0	23.9274	0	16.740675	0	0	0	8.288122	15.17859	0	0	0	0	16.150995	4.403693	0	14.135143	0	4.403693	21.374132	0	0	11.383942	9.895	32.18805	0	3.958	0	0	9.895	42.6575	8.965687	0	0	20.108995	0	26.61156	22.44186	15.17859	31.329585	17.82648	0	16.150995	16.150995	0	0	60.71436	48.18366	4.482844	71.39265
L1_Milk_and_Milk_Products;L2_Creams_and_cream_substitutes	0	0	0	0	0	0	0	0	0	0	0	14.982	0	0	14.151712	0	0	0	34.618826	5.877575	0	0	0	0	0	0	4.6632	0	0	0	0	0	0	0	0	0	5.877575	8.839873	0	0	0	0	1.402632	0	0	0	0	0	0	22.532928	0	0	6.819	0	1.838625	0	0	0	0	0	0	0	0	0	0	0	7.34275	8.72925
L1_Milk_and_Milk_Products;L2_Milk_desserts_sauces_gravies	0	0	0	0	0	0	31.30742	0	31.672	0	0	0	0	73.2627	67.47	0	0	0	0	0	0	0	0	0	0	0	0	0	0	0	0	0	8.9586	0	25.935	0	0	0	0	0	0	0	38.9025	0	0	36.95625	0	0	0	0	0	0	0	0	0	0	24.7904	0	0	33.1626	0	0	0	0	77.805	0	0	0
L1_Milk_and_Milk_Products;L2_Milks_and_milk_drinks	39.4914	126.629	14.809275	5.6105	28.0296	33.63552	56.0592	28.0296	60.84776	60.84776	94.1472	78.9828	66.4070399999999	55.3392	0	0	0	30.271968	18.4464	12.2976	39.4548	36.5785	3.94914	0	54.10944	89.7724799999999	34.1689	64.2571	0	26.3032	33.663	5.6105	0	0	16.81776	0	0	13.1638	58.797	72.31605	39.4914	0	0	0	44.8944	0	0	0	62.524	13.1638	41.82	41.82	67.16342	0	8.88164999999999	7.167744	0	34.81072	13.322475	11.221	0	0	39.4548	52.6064	96.10864	129.74416	0	0
L1_Sugars_Sweets_and_Beverages;L2_Alcoholic_beverages	0	0	121.351296	0	0	18.5704	0	9.8304	0	0	66.554	0	0	0	0	27.814752	0	0	38.048	53.2672	0	0	0	0	0	0	28.944	0	0	0	53.064	0	0	0	4.766328	9.2852	0	0	23.83164	0	0	54.1488	0	0	19.065312	22.242864	0	0	0	0	0	0	0	23.17896	0	28.944	0	52.1304	18.432	0	92.7158400000001	0	0	0	0	0	0	0
L1_Sugars_Sweets_and_Beverages;L2_Nonalcoholic_beverages	0	0	34.9872	5.05568	0	32.8776	2.88	1.470528	0	0	35.98752	121.660608	1.73337600000002	41.73392	4.35711999999998	63.7332	11.653488	40.139792	2.02227199999999	4.70876799999997	0	21.49256	46.9464	0	1.08336	3.25008	39.931944	2.93395200000001	1.44448	2.88896	44.60724	25.14816	12.2780799999999	4.69455999999997	1.44448	66.655648	2.52783999999997	11.8800000000001	5.05568	2.16672	8.37431199999998	0.319680000000005	38.58692	23.79864	1.49184	0.497279999999989	35.69796	0	2.15487999999999	2.71136	0.355200000000011	0	18.91437	0	7.74335999999982	7.56575999999978	0	0.722239999999999	2.16672	0	1.0655999999999	2.69951999999989	0	0	0	0	0	1.44448
L1_Sugars_Sweets_and_Beverages;L2_Sugars_and_sweets	84.294	4.63047	128.155195	19.57425	34.561	0	16.151	0	9.11125	14.7857	8.39832	21.73115	0	20.01555	61.638	0	0	44.352	105.96	0.9125	0	8.39832	0	27.96	4.9775	0	7.94	0	15.88	71.46	76.0885	0	0	3.212345	9.638	56.397	0	0	6.895175	0	64.226	0	1.825	0	0	10.4265	51.116	0	0	32.499	15.76	0	52.227	0	4.925	0	0	17.73585	0	0	41.0643	20.01555	0	24.413	34.818	0	90.85215	0
L1_Sugars_Sweets_and_Beverages;L2_Water_noncarbonated	0.177599999999984	0	1.62504000000007	1.2432	0.769600000000025	0.828800000000001	0.0947199999999953	0.251600000000053	1.24339999999998	0.876260000000073	4.2150399999997	3.19679999999983	1.0655999999999	0.118399999999951	0.734079999999949	0.710399999999936	0.190090999999995	0.473600000000034	0.568320000000028	0.236800000000017	0.473600000000033	0.426240000000064	0	1.50072000000006	0.923519999999883	1.99717099999999	0.947200000000066	0.888000000000034	7.34080000000017	8.76160000000027	1.00048000000004	0.100048000000015	0.0947199999999953	2.99552000000006	1.18015200000005	0.959336000000022	3.84207999999978	1.48000000000002	1.81627100000003	1.83519999999987	0	0.31849600000001	1.27576000000002	0.44992000000002	0.0400190000000009	0.0737040000000064	0	0.0852480000000355	0.20009600000003	0.20009600000003	0.218447999999967	0.236799999999903	0	1.19583999999995	0.71040000000005	0.947200000000066	2.13119999999981	2.84159999999974	2.18448000000001	2.13119999999981	0.355199999999968	0.100048000000015	2.36799999999994	2.2496000000001	3.67079999999993	2.48679999999985	0.473799999999898	0.828800000000001
L1_Vegetables;L2_Darkgreen_vegetables	0	0	0	0	0	0	0	3.531	2.9385	0	0	36.933	0	0	0	0	0	0	0	0	0	0.244875	0	0	2.58	2.58	1.177	0	0	11.31975	0	0	0	8.97	0	0	0	0	0	0	0	1.46925	0	0	13.455	0	0	0	0	0	0	0	0	0	0	0	0	11.83608	6.405	0	0	0	16.686	41.7839	0	22.425	0	0
L1_Vegetables;L2_Deepyellow_vegetables	0	0	0	10.71465	0	0	0	0	7.1431	12.1446	0	0	0	0	0	0	0	0	0	5.756457	0	0	0	0	0	0	0	0	46.395	22.5789	0	0	0	0	0	0	0	0	7.9375	0	0	0	0	0	0	1.785775	0	0	0	0	0	0	2.415187	0	0	2.4591	0	48.766	2.67456	51.32175	0	0	0	0	0	0	0	0
L1_Vegetables;L2_Other_vegetables	0	0	0	29.3475	0	0	0	2.0618	10.134125	0	0	0.03864	0	12.9048	0	0	0	0	30.5976	4.695887	0	0	0	0	17.189992	8.21124	4.314112	0	20.088715	35.165625	30.5502	0	36.939075	0	16.95246	0	0	1.889604	0	32.207962	33.9575	1.7985	7.95299999999999	10.3314	0	1.718825	26.2145	3.245	0	0.103625	0	0	63.50895	0	21.3	6.48999999999999	3.7774	15.187975	14.224553	0	5.95350000000001	0	15.23455	13.1027	50.28	0	5.6263	11.686
L1_Vegetables;L2_Tomatoes_and_tomato_mixtures	0	0	6.196875	0	2.31375	0	0	9.255	0	0	0	14.5275	0	6.70440000000001	0	4.6275	0	0	0	2.0625	4.92624	0	0	4.6275	4.95	0	6.2997	11.54105	6.2997	4.724775	0	0	0	0	1.65	0	12.5994	0	0	0	0	0	1.574925	12.39375	0	0	0	0	0	0	0	0	0	33.123	0	0	15.65568	6.2775	0	0	0	2.736	11.1513	0	0	0	0	0
L1_Vegetables;L2_White_potatoes_and_Puerto_Rican_starchy_vegetables	0	0	38.21024	24.43	0	0	74.6814	27.315	0	12.215	0	42.41975	0	25.3396	0	48.0472	0	0	0	0	0	0	0	0	24.612	0	0	66.56685	0	0	0	65.9782	0	62.0568	0	0	0	0	0	0	26.9535	73.5104	0	51.59385	0	74.76605	0	49.224	0	0	0	0	0	0	6.38544	0	0	0	0	0	48.72	32.8058	0	0	52.2585	45.64875	40.0582	0
