2.T.1	2.T.2	3.T.1	3.T.2	4.T.1	4.T.2	8.T.1	8.T.2	10.T.2	10.T.3	11.T.1	11.T.2	13.T.1	13.T.2	15.T.1	15.T.2	18.T.1	18.T.2	19.T.1	19.T.2	20.T.1	20.T.2	22.T.1	22.T.2	24.T.1	24.T.2	26.T.1	26.T.2	27.T.1	27.T.2	29.T.1	29.T.2	30.T.1	30.T.2	32.T.1	32.T.2	34.T.3	34.T.4	37.T.1	37.T.2	38.T.3	38.T.4	39.T.1	39.T.2	41.T.1	41.T.2	44.T.1	44.T.2	47.T.1	47.T.2	48.T.1	48.T.2	49.T.1	49.T.2	54.T.1	54.T.2	55.T.1	55.T.2	57.T.1	57.T.2	60.T.1	60.T.2	63.T.1	63.T.2	67.T.1	67.T.2	74.T.1	74.T.2
L1_Dry_Beans_Peas_Other_Legumes_Nuts_and_Seeds	0	0	0	0	0	0	31.9662	0	14.636642	0	65.448865	31.0149	0	31.4208	35.97075	0	31.4208	0	0	69.90195	101.154025	94.5234	0	0	0	0	8.5743	33.23025	25.4244	41.1348	0	5.20294	19.5195	30.037775	0	58.640955	5.9697	0	1.300735	0	0	0	0	35.56	31.4208	0	76.0032	84.5775	50.475937	31.7395	49.361276	44.125	0	64.1858	0	0	25.676	29.658553	0	0	0	47.1312	78.552	104.11715	44.125	69.801	18.34	23.8788
L1_Eggs	0	30.413	44.0091	0	0	29.7591	0	0	0	0	0	47.0232	28.0488	0	12.6132	63.6174	62.374	29.2606	0	0	64.773	0	0	0	0	0	0	92.9016	67.0527	60.0192	14.0244	64.773	0	29.18685	34.31982	29.2192	0	45.83816	0	0	0	0	0	0	0	0	0	0	12.84	6.8275	0	0	0	0	0	0	4.2174	8.4348	0	0	14.6096	14.6096	24.464	29.7888	66.99752	29.65464	0	0
L1_Fats_Oils_and_Salad_Dressings	0	0	16.87669	0	0	0	1.487974	29.10319	3.9	0	28.282955	39.58656	7.2268	0	3.98295	11.72172	0	12.6195	0	26.19092	0	0	0	4.2065	0	5.86086	21.906299	0	4.273014	0	0	0	0	0	10.51625	0	0	11.72172	0	0.584766	1.991475	23.034755	0	9.366826	0	0	19.536591	18.624398	0	5.86086	0	0	7.425478	0	6.438922	3.218978	0	11.72172	8.89356	8.96847	4.2065	0	13.5	0	3.981755	0	5.97323	19.2276
L1_Fruits	0	23.7708	35.4442	118.4248	45.951	0	0	0	26.2808	43.6383	111.9186	52.7062	0	0	0	26.2808	0	0	0	0	40.231735	0	0	0	43.38408	21.694142	38.10885	27.84305	73.86755	71.34325	39.625	63.59328	0	0	14.469	18.11334	0	5.6547	19.902244	35.826675	7.3644	22.5416	32.2012	26.2808	14.3716	14.3716	43.7472	102.0768	13.5486	77.0189	26.2808	55.887	23.84748	49.15414	21.762	0	13.0504	47.8825	7.051312	15.546925	0	9.51815	34.054262	39.732725	53.4484	0	8.30249500000001	8.3475
L1_Grain_Product	91.94512	78.375975	105.0976	126.67	389.637575	334.268	50.3048	166.8332	102.36196	148.899	106.2804	72.00915	480.06	94.1612	191.1674	76.812827	65.274	235.7015	102.101	167.2938	68.4178	178.88645	120.3232	85.437	49.3723	71.324882	120.1233	114.2162	57.15105	21.736	455.785275	164.661175	41.926125	142.77825	225.264791	108.997	127.2606	81.144	185.188125	238.884637	83.938775	123.119816	468.8724	82.0652	75.94145	26.18025	33.0512	77.0488	290.8532	140.53685	124.779	101.805	116.1006	151.421825	148.34048	219.67088	102.9072	129.0162	135.18671	184.8354	128.2343	226.5234	31.584	58.229775	154.0952	152.4441	38.255	113.8462
L1_Meat_Poultry_Fish_and_Mixtures	19.056	0	205.40976	47.69	28.4943	111.4526	38.1612	70.6656	19.845	17.689225	68.593392	17.299975	70.7569	0	71.1459	32.3401	0	0	44.8425	15.015	127.224	69.931	0	110.158	85.5365	65.3653	178.0386	24.20915	171.5985	85.74174	48.72	10.3428	64.4343	23.814	68.03084	14.0288	73.72305	31.722845	0	33.987425	84.9069	62.47773	26.6172	58.56172	0	113.050125	49.9856	52.96914	27.65655	4.384	0	42.5898	52.0192	0	48.73932	0	61.001775	92.827565	34.1785	33.768	12.782175	139.1571	30.3408	38.062708	136.570182	85.323378	78.46008	13.0572
L1_Milk_and_Milk_Products	69.84858	126.629	51.772655	31.1969	28.0296	47.13152	87.36662	43.20819	92.51976	60.84776	94.1472	117.974825	94.2950399999999	158.852	97.772707	17.931375	0	30.271968	53.065226	42.102575	39.4548	53.319175	3.94914	0	54.10944	98.0606019999999	54.01069	64.2571	0	26.3032	33.663	21.761495	13.362293	0	56.887903	0	10.281268	43.377805	58.797	72.31605	50.875342	9.895	72.493182	0	48.8524	36.95625	0	9.895	105.1815	44.662415	41.82	41.82	94.091415	0	37.331835	29.609604	39.96899	66.140305	31.148955	44.3836	16.150995	16.150995	39.4548	52.6064	234.628	177.92782	11.825594	80.1219
L1_Sugars_Sweets_and_Beverages	84.4716	4.63047	286.118731	25.87313	35.3306	52.2768	19.12572	11.5525280000001	10.35465	15.6619600000001	115.15488	146.588558	2.79897599999992	61.86787	66.7291999999999	92.2583519999999	11.843579	84.965392	146.598592	59.125268	0.473600000000033	30.3171200000001	46.9464	29.4607200000001	6.98437999999988	5.24725099999999	77.7631440000001	3.82195200000004	24.6652800000002	83.1105600000003	174.76022	25.248208	12.3727999999999	10.902425	17.0289600000001	133.297184	6.36991999999975	13.3600000000001	37.598766	4.00191999999987	72.600312	54.786976	41.68768	24.24856	20.597171	33.240348	86.81396	0.0852480000000355	2.35497600000002	35.410456	16.333648	0.236799999999903	71.14137	24.3748	13.3787599999999	37.4569599999998	2.13119999999981	73.4300899999998	22.7832	2.13119999999981	135.20094	22.8151179999999	2.36799999999994	26.6626000000001	38.4887999999999	2.48679999999985	91.3259499999999	2.27328
L1_Vegetables	0	0	44.407115	64.49215	2.31375	0	74.6814	42.1628	20.215725	24.3596	0	93.91889	0	44.9488	0	52.6747	0	0	30.5976	12.514844	4.92624	0.244875	0	4.6275	49.331992	10.79124	11.790812	78.1079	72.783415	73.78905	30.5502	65.9782	36.939075	71.0268	18.60246	0	12.5994	1.889604	7.9375	32.207962	60.911	76.77815	9.52792499999999	74.319	13.455	78.27065	26.2145	52.469	0	0.103625	0	0	65.924137	33.123	27.68544	8.94909999999999	19.43308	82.067555	23.304113	51.32175	54.6735	35.5418	43.07185	54.8866	102.5385	68.07375	45.6845	11.686
